0 -0.277093261 -2.065790892 -0.911789477 -0.074138805 155.148101807
1 0.601324975 -1.749344826 0.676304579 0.350253850 86.975830078
2 0.895939767 -1.928575397 0.376003593 0.554862261 59.668533325
3 -0.458836138 -0.307608813 1.656734824 1.053514361 138.445816040
4 1.861637712 -1.417850256 -0.291827679 0.484560877 13.079168320
5 1.390053034 0.059786879 -0.884817779 -1.530735135 129.389953613
6 -2.325783730 -1.548987031 1.190876722 -1.314211011 325.095794678
7 -1.530368924 -1.975124717 -0.828053772 -0.713982522 173.049713135
8 -1.295990109 -1.328485966 0.355367035 1.242568254 197.816329956
9 0.593445361 -0.004326673 0.042791948 1.392567992 280.787292480
10 2.565853119 -1.648742557 -1.577862024 -1.250792146 45.096340179
11 2.553165197 -1.351632476 -1.305519223 -0.981985986 157.967620850
12 -1.746999502 -2.008681774 -0.812364757 -0.568318248 64.305076599
13 0.999225259 -1.361407995 -0.252699375 0.328800410 93.086280823
14 1.645028949 -0.593090594 0.514832497 1.498741508 64.308944702
15 -0.139881939 -2.130487680 -1.310290933 0.943589926 254.167404175
16 -0.169340223 -1.813411951 0.353723615 -0.858574092 237.447967529
17 -1.487389088 -2.034534216 -1.144894958 1.358437657 54.513336182
18 1.478793979 -0.258400351 -0.897734046 -2.110645056 216.593078613
19 0.103975654 -2.271422625 -1.386842608 0.469759315 341.586822510
20 1.522592664 -2.288730860 -0.352164596 -0.651874483 212.375274658
21 -0.693249643 0.372906953 0.011838626 0.998819053 261.891723633
22 -0.912442505 -0.726995707 -0.001501156 0.848385453 208.646118164
23 2.605900288 -1.887876153 -1.699508548 0.729085684 209.661193848
24 -0.735503078 -2.250006437 -1.036669016 -1.471064806 204.516067505
25 1.584749699 -1.247435808 0.638202906 0.619584858 113.800521851
26 -1.954241633 -1.685646892 -0.052408740 1.903938055 222.961502075
27 1.246974111 -2.098463058 -0.758212984 -0.146430984 124.597976685
28 -0.427413911 -0.736592054 0.482030809 0.407454997 116.017265320
29 -1.214646220 -2.118216753 0.148141384 1.437076569 131.008224487
30 -0.247283906 -1.256020427 -1.431386590 0.711314023 352.636810303
31 0.957165539 -1.473404884 -1.014237881 1.281413078 47.438213348
32 -1.674365401 -0.549406171 0.026673228 1.083072186 15.549285889
33 2.637745857 -2.248236418 1.444857121 -0.556237400 19.513866425
34 -1.781684160 -1.680463433 -0.277099609 0.523093522 260.461975098
35 -0.446342617 -1.387773156 -1.658679605 0.010576798 188.203552246
36 0.488246083 -1.764230967 -0.778474331 -0.072025687 243.790771484
37 -1.173490882 -1.168646693 0.811816335 -0.118769065 225.868545532
38 -0.478301406 -1.861438036 0.804815292 -0.479914367 196.148925781
39 -0.994337320 0.258258671 0.975980937 -1.322952509 106.879272461
40 0.259416610 -2.277753830 0.154278547 -0.497277081 195.480895996
41 0.069762699 0.419689566 -1.218366027 -2.244207621 41.717807770
42 0.543169737 -1.570646048 0.935299098 1.013584495 321.598907471
43 1.307766318 -0.262888938 0.819055378 0.842474699 98.956161499
44 -1.212509036 -0.741015673 -0.139859363 0.713677466 59.753269196
45 -1.691051841 -0.815282345 1.512782693 -0.623893142 232.265914917
46 0.392489493 -1.894322515 -0.788811386 0.086816624 222.295883179
47 -1.245167613 -0.255478799 0.937699258 1.578561664 283.302490234
48 2.177698851 -2.243870020 1.616580129 -1.336140633 246.102584839
49 0.315359145 0.034703504 0.236613005 0.904423177 344.085601807
50 -0.999245882 -1.880620837 0.276752740 1.376770973 283.604095459
51 1.073079705 -0.065493643 0.264403164 1.753497124 31.268133163
52 2.555303097 -1.892716169 1.960268855 -0.256332844 65.849685669
53 -2.413129330 -0.950969875 -1.618199825 0.499601245 111.539215088
54 -0.718282938 -1.401296854 -0.314358503 -0.010662964 249.943023682
55 -1.595197916 -0.371214062 1.634710908 -0.724286973 133.541091919
56 0.842790365 -0.650039852 -0.199896723 1.414741516 161.580413818
57 -2.187834978 -2.293433189 -0.171037331 0.958065093 257.605590820
58 -0.067367934 -2.300807476 -0.075022608 0.515617192 280.004547119
59 1.271787524 -1.999381900 0.213638335 -0.854932964 219.923828125
60 1.064850569 -0.457879603 -0.084177889 1.077600718 146.753860474
61 0.529342294 -2.151058912 -0.112220123 -0.106288716 238.308197021
62 2.239087343 -0.883373380 0.554885447 1.247759581 289.692352295
63 0.405216485 -1.875536084 -0.071642086 0.331581235 239.282470703
64 -0.201708540 -0.430070251 0.770863771 0.469689578 279.251953125
65 0.648931146 -2.194107533 -0.124698564 0.744325042 265.574401855
66 -1.580407381 -0.583085358 -0.627632201 0.832718790 112.108146667
67 0.473760962 -1.195172191 -0.418043762 -0.149168640 133.115600586
68 0.312683672 0.450820208 -0.108513936 -1.726068854 333.479614258
69 1.867393374 -0.497895509 -1.846653581 -1.475646973 15.061126709
70 -1.309622169 -0.639725804 1.973586082 -1.143390775 278.387695312
71 -1.295687079 -1.647343397 0.357717782 1.738440633 165.272491455
72 -1.687174916 -1.844824076 -0.674119532 -0.074354738 201.614929199
73 1.814795375 -2.250505924 1.611621976 0.646265984 155.332763672
74 -1.153514504 -1.487017393 0.339437604 0.611559808 238.627120972
75 0.488360077 -0.719568193 0.187634230 -0.140366957 142.469345093
76 2.226438284 -2.024542570 2.049524307 1.394075036 303.402923584
77 -0.636529028 -0.717425704 0.763545692 0.579910696 63.210617065
78 -0.448076665 -1.686454058 0.288015813 1.078723907 322.649566650
79 0.795581162 -0.827398419 -0.066349939 0.675924480 49.555229187
80 1.980656385 -0.877971947 -1.905896425 -0.253237158 227.511016846
81 -0.157594785 0.207117081 -0.662243605 -2.114691019 26.355998993
82 1.445042849 -0.557668686 -1.334065318 -1.439139366 304.366302490
83 -0.637133777 -1.224437833 -2.474181414 -0.681835175 37.742500305
84 0.391666263 -0.937670350 0.993963361 -0.399123073 165.642868042
85 0.121673949 -0.740204275 -1.080415487 0.656231821 41.583538055
86 -1.479293227 -2.281609297 -1.332384348 0.452171147 303.428771973
87 0.004847053 -0.133726209 0.012363596 0.985289097 125.290176392
88 -0.763267398 -1.878740430 -1.097151041 0.362278730 133.760635376
89 -2.130888939 -0.950409710 -1.287813663 0.040329192 231.442932129
90 -1.644697070 -0.579961836 1.466804981 -0.689620793 254.045043945
91 0.191816017 -1.630687118 0.371534854 -0.192281589 128.078903198
92 -0.807254195 0.056369118 1.728589773 -1.364135504 55.068706512
93 0.115704596 -1.412961602 -0.573664606 -0.601662695 102.839279175
94 0.324955255 -0.852162838 -0.882692873 1.619771719 323.323730469
95 -2.709060192 -1.827053666 1.666108489 -0.044802859 145.942916870
96 0.440632969 -0.321596444 1.630176544 1.919934630 275.492706299
97 -0.170364156 -0.674849331 -1.240331292 0.349800497 62.452934265
98 -0.672293961 -0.077655889 -1.501469970 1.012686253 359.321502686
99 0.600504816 -1.075079203 0.381205648 1.426900506 262.747467041
100 0.274056435 -1.010410190 1.102877975 1.352328181 241.065887451
101 -1.067854881 -0.305927515 0.396333218 0.937943578 53.250034332
102 0.909023166 -0.572628498 -0.089095354 0.464511395 175.177886963
103 -0.509473562 -1.238153934 -0.271243960 0.098729059 88.847450256
104 2.408784866 -0.871471584 2.068285942 1.141937494 76.484375000
105 -1.913037419 -1.616973400 -1.278121829 -0.760429323 75.543395996
106 1.149457335 -2.280956984 0.633264720 -0.761265934 199.684097290
107 -2.222554207 -0.650187671 -1.912184596 0.857810676 176.502075195
108 0.205049112 -0.056975424 -0.307033271 1.005853415 347.828155518
109 1.394581914 -1.821455598 -0.351808488 0.583496869 299.164062500
110 2.086832762 -1.207893491 1.362882495 0.392194420 97.236465454
111 -1.028271317 -1.689104915 1.354574680 1.028167367 207.904953003
112 -0.431519151 -1.303099155 -0.629689217 0.382820636 284.510986328
113 -1.021349311 0.273051262 1.522105575 -1.303596020 83.528129578
114 -0.605061948 -2.185271025 -1.079700351 -0.155266821 358.911804199
115 2.024992943 -1.576930523 0.688236177 0.460863709 175.877822876
116 -1.776144385 -1.901298165 -1.321794271 1.193353415 342.930297852
117 1.430262923 -2.013451099 0.917150676 0.976869047 68.959861755
118 -1.812004447 -1.057219625 -0.004852514 -0.551590323 339.769134521
119 -2.356937170 -2.275922537 -0.611545265 0.666013777 221.292205811
120 1.743133664 -0.770501494 1.069821358 -0.173667237 194.926177979
121 -0.996913135 -2.208105803 -0.492939681 -0.301095515 7.033775330
122 -2.222564936 -1.027490377 -0.743313789 1.060552120 114.803276062
123 -0.421229213 -0.477855444 0.809289336 1.728078604 332.373321533
124 1.213766098 -1.580015898 0.710169137 0.626726806 183.881149292
125 -0.122266069 -1.582240105 -0.404820919 0.389954686 80.841423035
126 0.090697363 -1.173750162 1.254430413 0.170898795 248.431365967
127 -1.633127928 -1.296287060 0.721533239 0.251388222 336.661254883
