0 -0.075381964 -2.064207077 -0.683732808 -0.712871313 9.273000717
1 1.700352430 -0.206087440 -1.098056436 -1.076063395 142.345947266
2 1.358686447 -1.630564213 0.154472694 0.239585161 327.622039795
3 2.335239649 -1.540698767 0.637710214 1.835888505 300.636779785
4 -0.980441928 -0.265064240 0.231690049 1.051721573 102.493972778
5 1.122835994 -2.270707369 -1.153542161 -0.747341871 0.946076751
6 1.165925264 -2.020672083 -0.567130387 0.974856436 338.983123779
7 1.696697950 -1.602806211 -0.030023128 0.216329008 164.170639038
8 -1.531190515 -1.464220762 0.015421107 -0.560497582 128.322967529
9 0.814865649 -0.732132316 0.733845651 -0.751060247 19.136302948
10 -0.726996660 -1.422794938 -0.100642495 0.647816181 243.036682129
11 1.835807085 -1.668093801 0.020468932 -0.040421356 166.595062256
12 0.832568884 -1.197063923 -0.180236101 -0.089884780 185.893875122
13 0.565894604 0.156587854 1.250174880 1.065781713 71.359031677
14 -2.243140459 -1.140772223 1.026832223 -1.187272310 305.956939697
15 0.431178212 -0.642161310 0.062621079 0.671435773 309.816650391
16 1.361370683 -1.314086795 -0.652996361 2.124725580 153.053649902
17 -0.401948392 -0.333367199 -0.432936102 0.622910976 105.595870972
18 -1.407681346 -1.345692515 0.542157412 0.319684893 59.895248413
19 2.371421099 -1.939370632 -1.595509171 0.452344030 234.928237915
20 -2.444358826 -1.622698069 -0.547260463 0.047441881 263.665649414
21 -0.441265017 -1.922547698 0.625308514 0.127784729 118.464691162
22 -0.609249353 -1.534483194 0.132520437 -0.083363064 186.439239502
23 -0.905909479 -0.953433812 -1.045165181 -0.003816099 121.935157776
24 -1.510622144 -1.177114487 0.262729049 0.120659471 171.794235229
25 2.131546974 -1.104346395 1.984187603 1.063100219 217.654571533
26 -1.481809616 -2.257578850 0.859216452 -0.284741074 5.229287148
27 -1.170644522 -1.332759142 0.797762096 -0.403420210 201.134963989
28 -1.586325169 -0.627277792 -0.399305224 0.494200736 142.722396851
29 0.597405195 -0.541741490 1.156571150 -0.399734139 127.403121948
30 -0.432887435 -0.113066606 -0.062191494 -1.960796952 249.359619141
31 1.465728641 -2.102061987 0.277923167 0.417327881 328.736785889
32 -1.412243843 -1.797547340 -0.095667221 0.286856711 181.222488403
33 -0.864411354 -0.354214072 -1.572062731 0.375825882 261.906494141
34 -2.225594759 -1.003441691 -0.063154317 1.042602539 105.277671814
35 -2.464076042 -2.156478882 -0.405332476 1.310405850 249.227935791
36 0.024573289 -0.830413997 0.077128790 -1.021851063 350.443145752
37 -1.535079360 -0.804297090 -1.011164784 -0.279492497 332.064666748
38 0.079615295 -1.467073560 -0.580764115 0.814363062 289.088623047
39 0.467782199 -2.136142492 -0.946473658 -1.105885625 190.235916138
40 -1.061641574 -2.106574774 0.759346366 1.473957181 351.584259033
41 1.735049844 -2.182126284 -0.547393501 0.390913069 353.416076660
42 -0.252615839 0.227725461 -0.348459363 1.309719324 350.782836914
43 -0.892670631 -0.865999341 1.249837399 0.874091685 311.538848877
44 0.508994281 -1.962894797 -0.662212610 0.515046179 200.410278320
45 -0.772234917 0.235156760 0.419116527 -1.677218199 297.500152588
46 0.750571132 -1.734736204 -0.417268753 -0.639796913 114.198959351
47 -2.122216702 -0.472675204 1.714108229 -0.748625278 338.768402100
48 0.328558385 -1.445825577 1.006398559 -1.670664430 164.518844604
49 -0.889382303 -1.407261133 -0.970232487 -0.468030304 53.886100769
50 -0.749236763 -1.661697626 1.306172132 0.037972450 88.824096680
51 0.996384919 -0.774080396 0.151402265 0.973086476 133.527709961
52 -0.092815392 -2.236909151 0.626065493 0.326844543 294.390045166
53 -0.760273635 -2.210526943 -1.176476002 -1.376963615 325.162841797
54 -0.792001188 -0.580586076 -0.281671345 -0.408045053 170.468658447
55 0.519951999 -2.189200640 0.544488430 0.412180096 317.981903076
56 -0.451548547 -1.039901614 0.681165338 -0.152086377 300.954284668
57 0.061318681 -1.935083628 -1.822696447 0.223858148 212.885284424
58 0.124057710 -0.693920195 0.023507766 0.615729034 279.630584717
59 1.076986074 -1.726001382 -1.652952194 0.381059587 319.766357422
60 2.134413004 -1.925958157 0.415167600 0.378401309 67.004676819
61 0.560512483 -1.623850822 0.419875920 -0.051181354 63.703594208
62 1.863804460 -0.424891233 1.449921608 1.183335185 251.757064819
63 -0.799939454 -1.531054974 -0.958145261 0.167532831 304.088378906
